
~~~~~~~~~~~~~~~~~~~~~
~attended conditions~
~~~~~~~~~~~~~~~~~~~~~

s01:
1, 2, 23
1, 2, 30
1, 3, 27
1, 2, 3, 5
1, 2, (3, 5)
1, 2, 4, 3

1, 2, 3
1, 2, 3, 15?
1, 2, 6?, 4?, 11?

s02:
1, 2, 3
1, 2, 3, 4, 5
1, 2, 3, 4
1, 2
1, 2, 3
1, 2
1, 7, 3, 6
1, 2, 4, 5
1, 2, 6, 7

s03:
1, 2, 10
1, 2, 5
1, 2, 9
1, 2, 3, 14
1, 2, 10
1, 2, 14
1, 3, 15
1, 4, 14, 3
1, 2, 14

s04
2, 3, 4
1, 3, 7
2, 6, 7
2, 3
2, 3
1, 2
11, 12
8, 12
2, 4, 10, 14

s05
1, 3
1
1
1, 3
1, 2
1, 3
1, 5
1, 6
1, 6

s06
1, 2, 4
1, 2, 5, 14
1, 2, 3, 4, 14
1, 2, 3
1, 2, 3
1, 2, 3
1, 2, 3
1, 2
1, 2, 3

s07
1
1
1, 2
1, 2
1, 2
1, 2
1, 2, 6
1, 2, 5
1, 2, 4, 5

s08
-
1, 2, 3
1, 2, 3
1, 2
1, 2, 5
1, 2, 4
1, 2, 3, 4
1, 2, 3, 4
1, 2, 4

s09
1, 2, 14
1, 2
1, 2, 16
1, 2
1, 2, 3
1, 2
1
1
1

s10
1, 2
1, 2
1, 2
1, 2
1, 2
1, 2, 4
1, 6
1, 2
1, 2, 3

s11
1, 2, 3
1, 2, 3
1, 2
1, 2
1, 2, 3
1, 2, 3
1, 2, 3
1, 2, 3, 4, 6
1, 2, 4, 6

s12
1, 2, 4
1, 2
1, 2
1, 2
1, 2
1, 2
1, 2 
1, 2
1, 2, 3

s13
1, 2
1, 2
1, 2
1, 2, 3, 4, 5, 6
1, 2
2, 4, 6
3, 5, 6
1, 4
1, 3

s14
1, 2, 3
1, 2, 3
1, 2, 3
1, 2, 3
1, 2
1, 2, 3, 4
1, 2, 3, 4
1, 2, 3
1, 2, 3, 4

s15
1, 2
1, 3
1, 2
1
1
1, 2
1, 2
1, 2, 5
1, 2, 3


~~~~~~~~~~~~~~~~~~~~~~~
~unattended conditions~
~~~~~~~~~~~~~~~~~~~~~~~
s01
1, 2
1, 2

s02
1, 2, 3
1, 3

s03
1, 3, 8
ica not working on replay

s04
1, 2, 4, 11
1, 4, 13, 15

s05
1
1, 2, 3

s06
1, 2, 3, 4, 5
1, 2, 4

s07
1, 2, 3
1, 2

s08
1, 2, 3, 4, 5
1, 2, 3, 4, 5, 6

s09
poopy doop

s10
1, 2, 5
1, 2

s11
1, 2, 3
1, 2, 3, 4

s12
1
1, 2, 3

s13
1, 2, 3
1, 2, 3

s14
1, 2, 3, 4, 28
1, 2, 3, 4, 5

s15
1, 2, 3
1